-27593.6601384
5985.94586608
-36008.6318923
-466595.849903
-1286905.02617
-2595857.56426
-3894545.79023
-4197205.42329
-2981116.02409
-1920682.42453
-4898608.57019
-5984370.64875
-361462.418848
-1396197.86068
-2653383.7134
-3417723.99454
-3486109.29848
-2765552.51551
-1805699.23564
-1346138.97836
-1401573.79257
-7604991.02441
-2017077.15635
-5603.10091815
-161135.823103
-409604.756932
-798402.86083
-1668791.02187
-2915707.85717
-4134821.52968
-4251102.05026
-2777920.19311
-4488343.34589
-6644477.40468
